Ukraine
Kyiv
zz
Street
Cash
0
1200
3
0
19
kg@zeby.com
2
3
2
5
62
2
3
0

3
3
0

4
3
0

5
3
0

6
3
0

7
3
0

8
3
0

9
3
0

10
3
0

11
3
0

12
3
0

13
3
0

14
3
0

15
3
0

16
3
0

17
3
0

18
3
0

19
3
0

20
3
0

21
3
0

22
3
0

23
3
0

24
3
0

25
3
0

26
3
0

27
3
0

28
3
0

29
3
0

30
3
0

31
3
0

1
4
0

2
4
0

3
4
0

4
4
0

5
4
0

6
4
0

7
4
0

8
4
0

9
4
0

10
4
0

11
4
0

12
4
0

13
4
0

14
4
0

15
4
0

16
4
0

17
4
0

18
4
0

19
4
0

20
4
0

21
4
0

22
4
0

23
4
0

24
4
0

25
4
0

26
4
0

27
4
0

28
4
0

29
4
0

30
4
0

1
5
0

2
5
0

